2000-01-01	817916.836	9946615.416	5575	0.930
2000-01-01	817823.067	9946742.497	5475	0.850
2000-01-01	817707.090	9946870.812	5375	0.750
2000-01-01	817224.675	9947244.653	5025	0.410
2000-01-01	817221.000	9947282.000	5016	-0.080
2000-01-01	817179.000	9947304.000	4994	-0.280
2000-01-01	817085.000	9947308.000	4966	-0.360
2000-01-01	817096.000	9947344.000	4962	-0.350
2000-01-01	817029.000	9947374.000	4935	-1.150
2000-01-01	817051.000	9947401.000	4927	-1.630
2000-01-01	816970.000	9947363.000	4925	-0.340
2000-01-01	816953.000	9947377.000	4918	-2.060
2000-01-01	816969.000	9947404.000	4915	-1.150
2000-01-01	816967.000	9947417.000	4910	-0.100
2000-01-01	816991.000	9947439.000	4906	-1.280
2000-01-01	816913.000	9947450.000	4892	-1.110
2000-01-01	816901.000	9947468.000	4884	-0.960
2000-01-01	816877.000	9947445.000	4886	-1.440
2000-01-01	816825.000	9947488.000	4863	-0.410
2000-01-01	816839.000	9947505.000	4861	-1.380
2000-01-01	816833.000	9947514.000	4857	-1.550
2000-01-01	816862.000	9947524.000	4858	-2.030
2000-01-01	816814.000	9947530.000	4848	-1.830
2000-01-01	816802.000	9947549.000	4840	-1.690
2000-01-01	816774.000	9947561.000	4832	-2.040
2001-01-01	817973.147	9946519.420	5650	0.990
2001-01-01	817916.836	9946615.416	5575	0.800
2001-01-01	817823.067	9946742.497	5475	0.590
2001-01-01	817707.090	9946870.812	5375	0.490
2001-01-01	817577.541	9947011.465	5275	0.430
2001-01-01	817514.617	9947044.778	5225	0.380
2001-01-01	817396.000	9947115.000	5140	-0.050
2001-01-01	817169.000	9947309.000	4991	-2.210
2001-01-01	817132.000	9947276.000	4987	-0.870
2001-01-01	817139.000	9947325.000	4979	-1.040
2001-01-01	817133.000	9947320.000	4979	-0.180
2001-01-01	817053.000	9947316.000	4957	-2.490
2001-01-01	817067.000	9947354.000	4950	-3.100
2001-01-01	817025.000	9947334.000	4946	-2.290
2001-01-01	817078.000	9947371.000	4946	-2.950
2001-01-01	817015.000	9947357.000	4938	-3.640
2001-01-01	816996.000	9947338.000	4937	-3.020
2001-01-01	817029.000	9947374.000	4935	-2.690
2001-01-01	817051.000	9947401.000	4927	-3.810
2001-01-01	816969.000	9947404.000	4915	-3.300
2001-01-01	816942.000	9947379.000	4915	-3.000
2001-01-01	816927.000	9947393.000	4907	-3.460
2001-01-01	816944.000	9947432.000	4901	-1.140
2001-01-01	816912.000	9947441.000	4894	-3.510
2001-01-01	816890.000	9947468.000	4882	-4.160
2001-01-01	816854.000	9947464.000	4877	-3.540
2001-01-01	816906.000	9947492.000	4876	-6.040
2001-01-01	816867.000	9947477.000	4875	-4.000
2001-01-01	816880.000	9947486.000	4875	-1.830
2001-01-01	816839.000	9947505.000	4861	-4.330
2001-01-01	816807.000	9947506.000	4854	-3.290
2001-01-01	816814.000	9947524.000	4850	-4.350
2001-01-01	816802.000	9947549.000	4840	-3.620
2002-01-01	817973.147	9946519.420	5650	0.900
2002-01-01	817707.090	9946870.812	5375	0.500
2002-01-01	817577.541	9947011.465	5275	0.380
2002-01-01	817514.617	9947044.778	5225	0.230
2002-01-01	817132.000	9947276.000	4987	-2.610
2002-01-01	817139.000	9947325.000	4979	-2.610
2002-01-01	817094.000	9947345.000	4961	-3.640
2002-01-01	817081.000	9947357.000	4953	-2.680
2002-01-01	817067.000	9947354.000	4950	-4.420
2002-01-01	817025.000	9947334.000	4946	-4.460
2002-01-01	817058.000	9947371.000	4942	-4.370
2002-01-01	817015.000	9947357.000	4938	-3.990
2002-01-01	816996.000	9947338.000	4937	-3.580
2002-01-01	817014.000	9947361.000	4936	-3.890
2002-01-01	816969.000	9947404.000	4915	-3.050
2002-01-01	816942.000	9947379.000	4915	-2.490
2002-01-01	816934.000	9947395.000	4908	-4.640
2002-01-01	816942.000	9947434.000	4900	-5.000
2002-01-01	816912.000	9947441.000	4894	-4.300
2002-01-01	816945.000	9947457.000	4892	-5.000
2002-01-01	816853.000	9947423.000	4885	-5.000
2002-01-01	816839.000	9947505.000	4860	-3.510
2002-01-01	816797.000	9947546.000	4839	-5.230
2002-01-01	816867.000	9947477.000	4875	-2.900
2002-01-01	816894.000	9947506.000	4869	-4.670
2003-01-01	817823.067	9946742.497	5475	0.810
2003-01-01	817645.400	9946952.243	5325	0.680
2003-01-01	817139.000	9947325.000	4979	-1.790
2003-01-01	817094.000	9947345.000	4961	-0.770
2003-01-01	817081.000	9947357.000	4953	-1.420
2003-01-01	817066.000	9947350.000	4952	-5.190
2003-01-01	817066.000	9947350.000	4952	-5.540
2003-01-01	817025.000	9947334.000	4946	-1.760
2003-01-01	817071.000	9947373.000	4943	-5.640
2003-01-01	816996.000	9947338.000	4937	-0.960
2003-01-01	817011.000	9947371.000	4933	-4.730
2003-01-01	817038.000	9947386.000	4931	-4.670
2003-01-01	816961.000	9947385.000	4917	-5.340
2003-01-01	816972.000	9947412.000	4913	-5.810
2003-01-01	816984.000	9947430.000	4908	-5.490
2003-01-01	816934.000	9947395.000	4908	-3.690
2003-01-01	816942.000	9947434.000	4900	-3.200
2003-01-01	816894.000	9947432.000	4892	-5.650
2003-01-01	816945.000	9947457.000	4892	-3.280
2003-01-01	816910.000	9947455.000	4890	-5.740
2003-01-01	816853.000	9947423.000	4887	-6.390
2003-01-01	816853.000	9947423.000	4885	-3.450
2003-01-01	816833.000	9947514.000	4858	-7.290
2003-01-01	816862.000	9947524.000	4857	-6.330
2003-01-01	816814.000	9947530.000	4847	-6.080
2004-01-01	817973.147	9946519.420	5650	0.960
2004-01-01	817645.400	9946952.243	5325	0.370
2004-01-01	817105.000	9947291.000	4975	-0.210
2004-01-01	817091.000	9947296.000	4971	-0.300
2004-01-01	817048.000	9947318.000	4955	-0.450
2004-01-01	817066.000	9947350.000	4952	-1.880
2004-01-01	817066.000	9947350.000	4952	-1.720
2004-01-01	816996.000	9947329.000	4939	-3.600
2004-01-01	817011.000	9947371.000	4933	-0.770
2004-01-01	817011.000	9947371.000	4933	-0.540
2004-01-01	817038.000	9947386.000	4931	-1.670
2004-01-01	816961.000	9947353.000	4925	-3.750
2004-01-01	816998.000	9947388.000	4925	-3.580
2004-01-01	816983.000	9947379.000	4924	-4.550
2004-01-01	816982.000	9947383.000	4923	-3.270
2004-01-01	816961.000	9947385.000	4917	-2.720
2004-01-01	816972.000	9947412.000	4913	-1.080
2004-01-01	816922.000	9947375.000	4910	-3.790
2004-01-01	816984.000	9947430.000	4908	-2.650
2004-01-01	816959.000	9947416.000	4908	-4.950
2004-01-01	816937.000	9947401.000	4908	-3.770
2004-01-01	816909.000	9947423.000	4897	-4.290
2004-01-01	816892.000	9947403.000	4897	-4.360
2004-01-01	816894.000	9947432.000	4892	-2.110
2004-01-01	816910.000	9947455.000	4890	-2.280
2004-01-01	816853.000	9947423.000	4887	-2.190
2004-01-01	816825.000	9947488.000	4864	-5.630
2004-01-01	816839.000	9947505.000	4860	-2.930
2004-01-01	816833.000	9947514.000	4859	-4.340
2005-01-01	817823.067	9946742.497	5475	1.040
2005-01-01	817707.090	9946870.812	5375	0.710
2005-01-01	817645.400	9946952.243	5325	0.850
2005-01-01	817011.000	9947371.000	4933	-3.670
2005-01-01	816964.000	9947348.000	4926	-4.290
2005-01-01	816982.000	9947383.000	4923	-3.870
2005-01-01	816966.000	9947360.000	4925	-3.730
2005-01-01	816968.000	9947385.000	4919	-2.940
2005-01-01	816970.000	9947397.000	4917	-2.820
2005-01-01	816970.000	9947397.000	4917	-4.320
2005-01-01	816934.000	9947384.000	4912	-4.110
2005-01-01	816970.000	9947416.000	4911	-4.760
2005-01-01	816955.000	9947407.000	4911	-4.110
2005-01-01	816959.000	9947416.000	4908	-2.290
2005-01-01	816914.000	9947419.000	4899	-4.370
2005-01-01	816909.000	9947423.000	4897	-3.270
2005-01-01	816893.000	9947404.000	4897	-4.040
2005-01-01	816892.000	9947403.000	4897	-2.450
2005-01-01	816912.000	9947433.000	4895	-5.440
2005-01-01	816890.000	9947428.000	4892	-2.780
2005-01-01	816897.000	9947443.000	4890	-3.100
2005-01-01	816853.000	9947423.000	4885	-2.730
2005-01-01	816864.000	9947454.000	4882	-4.980
2006-01-01	817877.354	9946680.807	5525	1.130
2006-01-01	817707.090	9946870.812	5375	1.000
2006-01-01	817645.400	9946952.243	5325	0.980
2006-01-01	817030.000	9947334.000	4947	-0.840
2006-01-01	817037.000	9947353.000	4944	-0.860
2006-01-01	817011.000	9947371.000	4933	-0.700
2006-01-01	817011.000	9947371.000	4933	-2.630
2006-01-01	817011.000	9947371.000	4933	-2.540
2006-01-01	816943.000	9947375.000	4916	-3.750
2006-01-01	816951.000	9947371.000	4919	-2.590
2006-01-01	816934.000	9947384.000	4912	-2.600
2006-01-01	816970.000	9947416.000	4911	-0.730
2006-01-01	816956.000	9947411.000	4910	-2.850
2006-01-01	816951.000	9947441.000	4899	-3.020
2006-01-01	816912.000	9947433.000	4895	-0.780
2006-01-01	816905.000	9947451.000	4890	-2.480
2006-01-01	816899.000	9947457.000	4887	-2.600
2006-01-01	816862.000	9947419.000	4887	-2.620
2006-01-01	816864.000	9947454.000	4882	-2.820
2006-01-01	816844.000	9947447.000	4877	-3.990
2006-01-01	816809.000	9947480.000	4860	-2.740
2006-01-01	816844.000	9947472.000	4872	-3.670
2006-01-01	817111.000	9947321.000	4871	-1.570
2006-01-01	816854.000	9947481.000	4871	-4.100
2006-01-01	816847.000	9947483.000	4869	-2.900
2006-01-01	816848.000	9947491.000	4867	-3.300
2006-01-01	816816.000	9947525.000	4850	-3.960
2007-01-01	817877.354	9946680.807	5525	0.720
2007-01-01	817707.090	9946870.812	5375	0.760
2007-01-01	817205.000	9947215.000	5066	-0.490
2007-01-01	817175.000	9947265.000	5004	-0.480
2007-01-01	817122.000	9947297.000	4980	-1.160
2007-01-01	817112.000	9947298.000	4977	-2.060
2007-01-01	817091.000	9947315.000	4967	-2.950
2007-01-01	817048.000	9947345.000	4949	-2.580
2007-01-01	817030.000	9947334.000	4947	-2.220
2007-01-01	817047.000	9947365.000	4942	-3.410
2007-01-01	817011.000	9947371.000	4933	-2.560
2007-01-01	816963.000	9947372.000	4921	-2.430
2007-01-01	816951.000	9947371.000	4919	-2.700
2007-01-01	816943.000	9947375.000	4916	-1.730
2007-01-01	816942.000	9947414.000	4906	-3.950
2007-01-01	816951.000	9947441.000	4899	-1.870
2007-01-01	816905.000	9947451.000	4890	-1.580
2007-01-01	816899.000	9947457.000	4888	-3.060
2007-01-01	816862.000	9947419.000	4887	-3.000
2007-01-01	816899.000	9947457.000	4887	-3.860
2007-01-01	816844.000	9947447.000	4877	-3.610
2007-01-01	816854.000	9947481.000	4871	-3.020
2008-01-01	817767.546	9946810.356	5425	1.080
2008-01-01	817645.400	9946952.243	5325	0.330
2008-01-01	817112.000	9947298.000	4977	-0.370
2008-01-01	817095.000	9947315.000	4969	-0.580
2008-01-01	817064.000	9947316.000	4960	-0.260
2008-01-01	817056.000	9947300.000	4959	-0.490
2008-01-01	817064.000	9947335.000	4957	-0.660
2008-01-01	817030.000	9947341.000	4946	-0.430
2008-01-01	817047.000	9947365.000	4942	-1.200
2008-01-01	817021.000	9947375.000	4934	-1.300
2008-01-01	816981.000	9947371.000	4926	-0.460
2008-01-01	816937.000	9947394.000	4910	-1.330
2008-01-01	816942.000	9947414.000	4906	-0.720
2008-01-01	816931.000	9947413.000	4904	-0.720
2008-01-01	816911.000	9947423.000	4898	-1.120
2008-01-01	816904.000	9947435.000	4894	-2.420
2008-01-01	816844.000	9947447.000	4877	-1.220
2009-01-01	817767.546	9946810.356	5425	0.820
2009-01-01	817645.400	9946952.243	5325	0.760
2009-01-01	817175.000	9947265.000	5006	-0.930
2009-01-01	817113.000	9947303.000	4974.54	-3.000
2009-01-01	817089.000	9947318.000	4995	-3.080
2009-01-01	817069.000	9947338.000	4955.51	-4.050
2009-01-01	817122.000	9947297.000	4980	-2.590
2009-01-01	817044.000	9947354.000	4972	-4.000
2009-01-01	817013.000	9947374.000	4959	-3.820
2009-01-01	817013.000	9947355.000	4962	-3.950
2009-01-01	816979.000	9947380.000	4949	-3.580
2009-01-01	817011.000	9947371.000	4933	-1.100
2009-01-01	816930.000	9947410.000	4926	-4.760
2009-01-01	816951.000	9947371.000	4919	-2.640
2009-01-01	816860.000	9947462.000	4894	-4.880
2009-01-01	816860.000	9947465.000	4893	-4.340
